56444 2829  9855  33190 2000  4  1     59     35 0 0
56444 2829  9855  33190 2000  4  2      8      0 0 0
56444 2829  9855  33190 2000  4  3     15     18 0 0
56444 2829  9855  33190 2000  4  4     13      6 0 0
56444 2829  9855  33190 2000  4  5      7      5 0 0
56444 2829  9855  33190 2000  4  6      5      0 0 0
56444 2829  9855  33190 2000  4  7      4      3 0 0
56444 2829  9855  33190 2000  4  8      5      1 0 0
56444 2829  9855  33190 2000  4  9      6      0 0 0
56444 2829  9855  33190 2000  4 10     11      7 0 0
56444 2829  9855  33190 2000  4 11     20      3 0 0
56444 2829  9855  33190 2000  4 12     32     17 0 0
56444 2829  9855  33190 2000  4 13     52     35 0 0
56444 2829  9855  33190 2000  4 14     67     40 0 0
56444 2829  9855  33190 2000  4 15     66     36 0 0
56444 2829  9855  33190 2000  4 16     29     23 0 0
